,Pick_up_distance,Price,Label
0,1008.0,200.0,1.0
1,15713.0,29.7,1.0
2,22987.0,29.7,1.0
3,6472.0,146.0,1.0
4,3549.0,120.0,1.0
5,30711.0,29.7,1.0
6,20702.0,31.8,1.0
7,430.0,117.0,1.0
8,3752.0,115.0,1.0
9,2173.0,116.0,1.0
10,14143.0,90.0,1.0
11,440.0,117.0,1.0
12,4169.0,256.0,1.0
13,5042.0,300.4,1.0
14,1688.0,118.7,1.0
15,2242.0,110.0,1.0
16,1653.0,77.8,1.0
17,421.0,116.0,1.0
18,15688.0,29.7,1.0
19,10374.0,29.7,1.0
20,5690.0,29.7,1.0
21,3350.0,48.0,1.0
22,8546.0,61.1,1.0
23,424.0,116.0,1.0
24,19260.0,29.7,1.0
25,1651.0,112.0,1.0
26,14744.0,131.0,1.0
27,3784.0,116.0,1.0
28,18296.0,29.7,1.0
29,4810.0,29.7,1.0
30,3001.0,180.0,1.0
31,4694.0,29.7,1.0
32,42.0,29.7,1.0
33,1668.0,283.3,1.0
34,2663.0,295.0,1.0
35,1059.0,238.0,1.0
36,1019.0,38.0,1.0
37,429.0,119.0,1.0
38,2448.0,98.7,1.0
39,6138.0,116.1,1.0
40,46.0,30.0,1.0
41,3812.0,116.1,1.0
42,424.0,117.0,1.0
43,7367.0,29.7,1.0
44,817.0,29.7,1.0
45,25171.0,25.9,1.0
46,3829.0,117.0,1.0
47,1511.0,30.0,1.0
48,409.0,107.0,1.0
49,1957.0,20.0,1.0
50,2694.0,130.1,1.0
51,2693.0,26.4,1.0
52,404.0,108.0,1.0
53,3089.0,26.4,1.0
54,1760.0,110.0,1.0
55,408.0,106.0,1.0
56,3661.0,104.7,1.0
57,426.0,106.0,1.0
58,1622.0,107.1,1.0
59,5015.0,188.0,1.0
60,6047.0,100.0,1.0
61,31062.0,26.4,1.0
62,7432.0,161.8,1.0
63,5473.0,340.0,1.0
64,1787.0,26.4,1.0
65,8771.0,109.0,1.0
66,3522.0,105.0,1.0
67,27795.0,222.0,1.0
68,5183.0,290.0,1.0
69,16887.0,19.0,1.0
70,1967.0,273.0,1.0
71,3340.0,274.0,1.0
72,3239.0,84.7,1.0
73,2330.0,152.7,1.0
74,453.0,46.0,1.0
75,14223.0,65.0,1.0
76,3003.0,151.5,1.0
77,4738.0,106.0,1.0
78,11520.0,26.4,1.0
79,14987.0,26.4,1.0
80,2252.0,189.5,1.0
81,416.0,107.0,1.0
82,3871.0,90.7,1.0
83,440.0,106.0,1.0
84,9342.0,150.0,1.0
85,336.0,106.0,1.0
86,5091.0,150.3,1.0
87,3372.0,26.4,1.0
88,8256.0,151.5,1.0
89,443.0,107.0,1.0
90,6300.0,155.0,1.0
91,423.0,115.6,1.0
92,7699.0,100.0,1.0
93,4196.0,151.5,1.0
94,1520.0,149.0,1.0
95,3372.0,26.4,1.0
96,525.0,108.0,1.0
97,8371.0,153.9,1.0
98,407.0,156.3,1.0
99,419.0,106.0,1.0
100,3724.0,153.0,1.0
101,781.0,71.3,1.0
102,1335.0,26.4,1.0
103,8489.0,26.4,1.0
104,1331.0,88.0,1.0
105,1225.0,80.0,1.0
106,3926.0,85.0,1.0
107,11632.0,26.4,1.0
108,5876.0,108.9,1.0
109,2384.0,88.0,1.0
110,1100.0,68.2,1.0
111,3964.0,245.0,1.0
112,3703.0,105.9,1.0
113,1733.0,83.5,1.0
114,1776.0,92.0,1.0
115,5981.0,106.0,1.0
116,6230.0,109.0,1.0
117,273.0,500.0,1.0
118,3370.0,132.0,1.0
119,1520.0,52.6,1.0
120,26088.0,26.4,1.0
121,3028.0,83.5,1.0
122,4199.0,241.0,1.0
123,4539.0,106.5,1.0
124,5287.0,86.0,1.0
125,2912.0,19.0,1.0
126,48231.0,26.4,1.0
127,10254.0,26.4,1.0
128,2496.0,247.6,1.0
129,36369.0,300.0,1.0
130,2653.0,229.1,1.0
131,1087.0,195.0,1.0
132,13113.0,26.4,1.0
133,916.0,112.0,1.0
134,414.0,106.0,1.0
135,2453.0,166.0,1.0
136,3020.0,107.0,1.0
137,7791.0,169.9,1.0
138,399.0,105.0,1.0
139,4398.0,105.0,1.0
140,550.0,105.9,1.0
141,8741.0,156.0,1.0
142,324.0,101.1,1.0
143,1315.0,105.9,1.0
144,10528.0,203.0,1.0
145,7515.0,47.0,1.0
146,7491.0,152.0,1.0
147,3297.0,35.8,1.0
148,2630.0,145.0,1.0
149,7517.0,50.0,1.0
150,1357.0,141.5,1.0
151,3205.0,49.5,1.0
152,1638.0,83.0,1.0
153,6394.0,230.0,1.0
154,2726.0,26.4,1.0
155,4242.0,60.0,1.0
156,2519.0,26.4,1.0
157,2499.0,64.8,1.0
158,2033.0,75.0,1.0
159,2475.0,91.9,1.0
160,7448.0,26.4,1.0
161,1770.0,26.4,1.0
162,5456.0,172.4,1.0
163,528.0,105.0,1.0
164,2241.0,108.0,1.0
165,1617.0,108.0,1.0
166,3718.0,121.0,1.0
167,3597.0,106.0,1.0
168,9452.0,26.4,1.0
169,4583.0,107.0,1.0
170,1572.0,99.8,1.0
171,1148.0,120.0,1.0
172,3912.0,110.0,1.0
173,436.0,105.0,1.0
174,25860.0,26.4,1.0
175,3100.0,107.0,1.0
176,2978.0,105.9,1.0
177,1355.0,88.0,1.0
178,29230.0,301.0,1.0
179,2088.0,26.4,1.0
180,2371.0,26.4,1.0
181,4057.0,26.4,1.0
182,3164.0,50.0,1.0
183,71.0,555.0,1.0
184,1421.0,19.0,1.0
185,1495.0,140.7,1.0
186,28462.0,89.5,1.0
187,1425.0,111.7,1.0
188,2726.0,141.3,1.0
189,3495.0,146.0,1.0
190,405.0,107.0,1.0
191,763.0,0.1,1.0
192,542.0,0.1,1.0
193,12290.0,0.1,1.0
194,643.0,0.1,1.0
195,65.0,0.1,1.0
196,28.0,0.1,1.0
197,60.0,0.1,1.0
198,63.0,100.0,1.0
199,116.0,0.1,1.0
200,1292.0,100.0,1.0
201,119.0,1.0,1.0
202,5394.0,157.9,1.0
203,1478.0,90.0,1.0
204,43.0,19.0,1.0
205,4586.0,106.0,1.0
206,1444.0,106.0,1.0
207,2717.0,26.4,1.0
208,637.0,106.0,1.0
209,34985.0,26.4,1.0
210,424.0,107.0,1.0
211,418.0,107.0,1.0
212,396.0,106.0,1.0
213,1179.0,100.0,1.0
214,8201.0,201.0,1.0
215,4636.0,97.0,1.0
216,2997.0,267.0,1.0
217,403.0,107.0,1.0
218,423.0,105.0,1.0
219,1790.0,104.0,1.0
220,10090.0,110.0,1.0
221,123.0,106.0,1.0
222,6049.0,216.0,1.0
223,632.0,106.0,1.0
224,4347.0,26.4,1.0
225,682.0,26.4,1.0
226,3362.0,151.0,1.0
227,3761.0,26.4,1.0
228,2063.0,274.0,1.0
229,2286.0,130.0,1.0
230,437.0,108.0,1.0
231,419.0,106.0,1.0
232,1982.0,24.0,1.0
233,5853.0,108.0,1.0
234,465.0,106.0,1.0
235,30639.0,134.0,1.0
236,401.0,106.0,1.0
237,416.0,107.0,1.0
238,424.0,106.0,1.0
239,14893.0,30.0,1.0
240,14169.0,30.0,1.0
241,5807.0,106.0,1.0
242,5549.0,106.0,1.0
243,425.0,106.0,1.0
244,8865.0,231.0,1.0
245,5742.0,107.0,1.0
246,24.0,256.0,1.0
247,3374.0,105.9,1.0
248,527.0,107.0,1.0
249,10101.0,85.0,1.0
250,9011.0,85.0,1.0
251,8955.0,85.0,1.0
252,3550.0,107.0,1.0
253,2057.0,106.0,1.0
254,2987.0,120.0,1.0
255,1353.0,161.1,1.0
256,428.0,112.0,1.0
257,1731.0,109.0,1.0
258,6930.0,106.0,1.0
259,717.0,106.0,1.0
260,650.0,24.0,1.0
261,738.0,106.0,1.0
262,431.0,107.0,1.0
263,10301.0,204.0,1.0
264,1968.0,67.0,1.0
265,1619.0,19.0,1.0
266,1545.0,107.0,1.0
267,3942.0,134.7,1.0
268,9780.0,124.0,1.0
269,3944.0,106.0,1.0
270,1164.0,104.7,1.0
271,3664.0,250.0,1.0
272,1181.0,106.0,1.0
273,496.0,94.3,1.0
274,2038.0,110.0,1.0
275,1277.0,106.0,1.0
276,40.0,390.0,1.0
277,1972.0,106.0,1.0
278,7804.0,267.3,1.0
279,1396.0,107.0,1.0
280,2044.0,260.0,1.0
281,422.0,108.0,1.0
282,1025.0,100.0,1.0
283,2833.0,106.0,1.0
284,4877.0,114.0,1.0
285,2549.0,264.0,1.0
286,2200.0,107.0,1.0
287,8785.0,105.0,1.0
288,1672.0,75.0,1.0
289,435.0,107.0,1.0
290,1824.0,140.0,1.0
291,419.0,107.0,1.0
292,434.0,106.0,1.0
293,457.0,108.0,1.0
294,6924.0,246.0,1.0
295,409.0,135.0,1.0
296,3516.0,100.0,1.0
297,10666.0,170.0,1.0
298,386.0,105.0,1.0
299,4370.0,105.0,1.0
300,1108.0,107.0,1.0
301,518.0,107.0,1.0
302,4763.0,186.9,1.0
303,7796.0,180.0,1.0
304,10537.0,183.0,1.0
305,9066.0,268.5,1.0
306,3189.0,105.0,1.0
307,2608.0,104.0,1.0
308,7138.0,107.0,1.0
309,1162.0,80.0,1.0
310,775.0,28.0,1.0
311,6972.0,92.0,1.0
312,5696.0,107.0,1.0
313,1861.0,107.5,1.0
314,1235.0,20.0,1.0
315,6020.0,24.0,1.0
316,1672.0,106.0,1.0
317,845.0,72.0,1.0
318,12855.0,106.0,1.0
319,4409.0,48.0,1.0
320,744.0,27.0,1.0
321,1291.0,105.0,1.0
322,368.0,180.0,1.0
323,22753.0,206.0,1.0
324,4008.0,105.0,1.0
325,2578.0,80.0,1.0
326,435.0,107.0,1.0
327,2125.0,76.7,1.0
328,1982.0,107.0,1.0
329,2057.0,106.0,1.0
330,5123.0,250.0,1.0
331,18.0,106.0,1.0
332,404.0,105.0,1.0
333,435.0,105.0,1.0
334,429.0,107.0,1.0
335,2302.0,80.0,1.0
336,1099.0,105.0,1.0
337,4307.0,212.0,1.0
338,429.0,107.0,1.0
339,1063.0,106.0,1.0
340,427.0,106.0,1.0
341,2237.0,67.0,1.0
342,439.0,106.0,1.0
343,3230.0,140.0,1.0
344,1939.0,156.0,1.0
345,422.0,106.0,1.0
346,417.0,106.0,1.0
347,9761.0,150.7,1.0
348,432.0,106.0,1.0
349,2743.0,106.0,1.0
350,465.0,380.0,1.0
351,913.0,102.0,1.0
352,33068.0,330.0,1.0
353,16398.0,178.11,1.0
354,1671.0,100.0,1.0
355,1034.0,217.0,1.0
356,2012.0,33.0,1.0
357,2381.0,63.0,1.0
358,12562.0,95.5,1.0
359,3032.0,36.0,1.0
360,7210.0,160.0,1.0
361,202.0,156.0,1.0
362,1940.0,148.3,1.0
363,8358.0,95.7,1.0
364,437.0,107.0,1.0
365,1793.0,95.0,1.0
366,546.0,105.0,1.0
367,196.0,106.0,1.0
368,429.0,106.0,1.0
369,278.0,106.0,1.0
370,762.0,110.0,1.0
371,7075.0,105.0,1.0
372,914.0,93.0,1.0
373,3969.0,106.0,1.0
374,3422.0,104.7,1.0
375,3478.0,233.0,1.0
376,391.0,106.0,1.0
377,441.0,107.0,1.0
378,438.0,106.0,1.0
379,421.0,105.0,1.0
380,449.0,106.0,1.0
381,1658.0,80.0,1.0
382,5377.0,287.5,1.0
383,34898.0,105.0,1.0
384,2242.0,94.5,1.0
385,267.0,100.0,1.0
386,2312.0,58.0,1.0
387,1898.0,64.8,1.0
388,2299.0,97.5,1.0
389,1255.0,37.0,1.0
390,98.0,20.0,1.0
391,102.0,20.0,1.0
392,99.0,20.0,1.0
393,35.0,20.0,1.0
394,1946.0,110.0,1.0
395,761.0,30.0,1.0
396,1714.0,300.0,1.0
397,50.0,100.0,1.0
398,41.0,30.0,1.0
399,36.0,20.0,1.0
400,937.0,19.0,1.0
401,749.0,100.0,1.0
402,758.0,400.0,1.0
403,120.0,20.0,1.0
404,32.0,20.0,1.0
405,45.0,20.0,1.0
406,36.0,20.0,1.0
407,1800.0,20.0,1.0
408,19733.0,100.0,1.0
409,54.0,20.0,1.0
410,450.0,106.0,1.0
411,1125.0,24.0,1.0
412,195.0,106.0,1.0
413,255.0,96.7,1.0
414,426.0,105.0,1.0
415,401.0,105.0,1.0
416,2053.0,108.0,1.0
417,950.0,255.7,1.0
418,438.0,106.0,1.0
419,3808.0,275.0,1.0
420,937.0,24.0,1.0
421,509.0,106.0,1.0
422,506.0,106.0,1.0
423,3637.0,105.0,1.0
424,644.0,106.0,1.0
425,2506.0,52.9,1.0
426,435.0,106.0,1.0
427,430.0,107.0,1.0
428,42.0,55.0,1.0
429,440.0,64.0,1.0
430,420.0,105.0,1.0
431,1701.0,110.0,1.0
432,2431.0,110.0,1.0
433,2073.0,26.4,1.0
434,1505.0,24.0,1.0
435,1319.0,19.0,1.0
436,5721.0,279.0,1.0
437,1263.0,27.0,1.0
438,2424.0,26.4,1.0
439,5658.0,100.0,1.0
440,920.0,22.0,1.0
441,5466.0,230.0,1.0
442,2877.0,145.5,1.0
443,8872.0,105.7,1.0
444,754.0,20.0,1.0
445,812.0,38.0,1.0
446,7779.0,126.0,1.0
447,4911.0,283.0,1.0
448,529.0,137.9,1.0
449,1511.0,30.0,1.0
450,7665.0,23.0,1.0
451,912.0,148.1,1.0
452,1475.0,26.4,1.0
453,2747.0,100.0,1.0
454,2446.0,105.0,1.0
455,156.0,105.0,1.0
456,22543.0,325.0,1.0
457,426.0,106.0,1.0
458,1914.0,106.0,1.0
459,8839.0,323.0,1.0
460,177.0,106.0,1.0
461,1128.0,200.0,1.0
462,5262.0,105.0,1.0
463,783.0,56.3,1.0
464,433.0,105.0,1.0
465,3625.0,40.0,1.0
466,2507.0,100.0,1.0
467,6033.0,100.0,1.0
468,721.0,106.0,1.0
469,2438.0,272.0,1.0
470,4.0,19.0,1.0
471,3070.0,105.0,1.0
472,3244.0,108.0,1.0
473,1416.0,24.0,1.0
474,3695.0,147.0,1.0
475,711.0,107.5,1.0
476,7454.0,147.0,1.0
477,21615.0,100.0,1.0
478,4684.0,120.0,1.0
479,2306.0,193.3,1.0
480,4568.0,116.0,1.0
481,366.0,116.1,1.0
482,3101.0,107.7,1.0
483,1282.0,80.1,1.0
484,4283.0,131.7,1.0
485,7530.0,145.0,1.0
486,3107.0,124.0,1.0
487,4617.0,143.0,1.0
488,2596.0,115.0,1.0
489,1490.0,19.0,1.0
490,3456.0,96.0,1.0
491,7263.0,145.5,1.0
492,2526.0,116.0,1.0
493,1188.0,116.1,1.0
494,1496.0,76.7,1.0
495,2241.0,115.0,1.0
496,1691.0,108.0,1.0
497,3017.0,115.0,1.0
498,4520.0,114.0,1.0
499,6045.0,118.0,1.0
500,14021.0,167.0,1.0
501,2409.0,58.0,1.0
502,902.0,104.0,1.0
503,2070.0,115.0,1.0
504,1296.0,130.0,1.0
505,4540.0,119.0,1.0
506,6071.0,151.0,1.0
507,3222.0,114.9,1.0
508,4.0,24.0,1.0
509,2522.0,115.0,1.0
510,396.0,305.5,1.0
511,2944.0,115.0,1.0
512,14842.0,24.0,1.0
513,2685.0,90.7,1.0
514,234.0,74.0,1.0
515,6311.0,51.2,1.0
516,4325.0,120.0,1.0
517,4329.0,119.0,1.0
518,19934.0,19.0,1.0
519,4953.0,151.5,1.0
520,1089.0,117.3,1.0
521,4250.0,210.0,1.0
522,13078.0,144.7,1.0
523,1778.0,19.0,1.0
524,1886.0,45.0,1.0
525,2252.0,38.5,1.0
526,3398.0,113.0,1.0
527,47.0,20.5,1.0
528,41.0,40.0,1.0
529,44.0,40.0,1.0
530,46.0,24.0,1.0
531,40.0,24.0,1.0
532,190.0,250.0,1.0
533,3389.0,146.7,1.0
534,7516.0,225.1,1.0
535,3339.0,146.9,1.0
536,2902.0,146.0,1.0
537,1908.0,45.0,1.0
538,3101.0,70.0,1.0
539,2922.0,147.0,1.0
540,974.0,38.0,1.0
541,371.0,28.0,1.0
542,3265.0,77.0,1.0
543,4999.0,150.0,1.0
544,3751.0,98.0,1.0
545,8434.0,145.0,1.0
546,9370.0,173.0,1.0
547,14371.0,145.0,1.0
548,923.0,95.0,1.0
549,1661.0,93.0,1.0
550,10639.0,145.0,1.0
551,23007.0,132.7,1.0
552,11853.0,140.0,1.0
553,43640.0,40.0,1.0
554,10559.0,150.0,1.0
555,4507.0,157.0,1.0
556,8027.0,158.0,1.0
557,1959.0,193.0,1.0
558,1234.0,78.4,1.0
559,9905.0,195.1,1.0
560,4336.0,146.7,1.0
561,1213.0,152.0,1.0
562,21903.0,110.0,1.0
563,2840.0,286.0,1.0
564,415.0,40.0,1.0
565,3817.0,283.9,1.0
566,1901.0,283.9,1.0
567,279.0,140.0,1.0
568,2642.0,24.0,1.0
569,24406.0,24.0,1.0
570,5296.0,105.1,1.0
571,6669.0,60.0,1.0
572,3387.0,280.0,1.0
573,2588.0,120.0,1.0
574,1216.0,70.0,1.0
575,2811.0,286.3,1.0
576,357.0,100.0,1.0
577,10101.0,291.0,1.0
578,3757.0,287.5,1.0
579,1590.0,89.5,1.0
580,4324.0,72.0,1.0
581,48.0,27.0,1.0
582,641.0,52.0,1.0
583,14446.0,136.0,1.0
584,2461.0,77.0,1.0
585,3270.0,85.0,1.0
586,1816.0,85.1,1.0
587,2323.0,101.0,1.0
588,2980.0,103.0,1.0
589,3353.0,285.1,1.0
590,2972.0,63.0,1.0
591,5038.0,45.0,1.0
592,2117.0,340.0,1.0
593,462.0,100.0,1.0
594,39.0,20.0,1.0
595,1216.0,286.0,1.0
596,3840.0,268.0,1.0
597,2203.0,237.0,1.0
598,743.0,99.0,1.0
599,1320.0,100.0,1.0
600,2592.0,276.0,1.0
601,2097.0,251.3,1.0
602,982.0,239.1,1.0
603,543.0,130.0,1.0
604,5272.0,159.0,1.0
605,24911.0,64.8,1.0
606,9094.0,107.0,1.0
607,12057.0,140.0,1.0
608,9104.0,231.1,1.0
609,74.0,33.0,1.0
610,4076.0,20.0,1.0
611,2641.0,190.0,1.0
612,1819.0,81.0,1.0
613,4717.0,120.0,1.0
614,3611.0,90.0,1.0
615,3844.0,200.0,1.0
616,12181.0,115.0,1.0
617,1006.0,38.0,1.0
618,7221.0,65.0,1.0
619,2178.0,343.0,1.0
620,609.0,109.9,1.0
621,1642.0,145.0,1.0
622,1455.0,400.0,1.0
623,1843.0,253.0,1.0
624,1163.0,103.9,1.0
625,7251.0,120.0,1.0
626,3189.0,135.0,1.0
627,4014.0,225.0,1.0
628,1924.0,42.0,1.0
629,3459.0,68.0,1.0
630,1264.0,197.0,1.0
631,1707.0,84.0,1.0
632,7050.0,100.0,1.0
633,1890.0,28.0,1.0
634,384.0,109.0,1.0
635,67.0,80.0,1.0
636,10512.0,80.0,1.0
637,260.0,24.0,1.0
638,3126.0,142.0,1.0
639,5300.0,184.0,1.0
640,3374.0,137.0,1.0
641,4687.0,180.0,1.0
642,704.0,160.0,1.0
643,10090.0,126.0,1.0
644,2681.0,19.0,1.0
645,40.0,19.0,1.0
646,33.0,19.0,1.0
647,1907.0,103.0,1.0
648,1620.0,182.0,1.0
649,37.0,20.0,1.0
650,45.0,19.0,1.0
651,40.0,19.0,1.0
652,1627.0,89.5,1.0
653,4865.0,118.0,1.0
654,1983.0,180.0,1.0
655,178.0,106.3,1.0
656,2202.0,86.0,1.0
657,7743.0,100.0,1.0
658,5331.0,158.0,1.0
659,734.0,140.0,1.0
660,1038.0,24.0,1.0
661,1983.0,120.0,1.0
662,17510.0,170.0,1.0
663,2837.0,80.0,1.0
664,1302.0,101.5,1.0
665,654.0,30.0,1.0
666,1131.0,20.0,1.0
667,1881.0,105.0,1.0
668,1827.0,48.0,1.0
669,302.0,102.0,1.0
670,1084.0,104.0,1.0
671,2305.0,50.0,1.0
672,3619.0,55.0,1.0
673,2763.0,180.0,1.0
674,8999.0,210.0,1.0
675,4546.0,196.0,1.0
676,1939.0,81.8,1.0
677,1997.0,80.0,1.0
678,4964.0,180.0,1.0
679,1502.0,103.0,1.0
680,1003.0,89.0,1.0
681,25.0,21.0,1.0
682,1056.0,26.4,1.0
683,1134.0,103.0,1.0
684,1788.0,89.0,1.0
685,50.0,20.0,1.0
686,8552.0,180.0,1.0
687,1506.0,19.0,1.0
688,41.0,20.0,1.0
689,1133.0,20.0,1.0
690,2482.0,105.1,1.0
691,3445.0,88.3,1.0
692,21898.0,50.0,1.0
693,2063.0,103.9,1.0
694,5433.0,88.5,1.0
695,1012.0,200.0,1.0
696,1121.0,20.0,1.0
697,28884.0,105.0,1.0
698,10764.0,135.0,1.0
699,76.0,78.0,1.0
700,47.0,340.0,1.0
701,30933.0,250.0,1.0
702,1292.0,136.7,1.0
703,2944.0,19.0,1.0
704,385.0,19.0,1.0
705,48.0,19.0,1.0
706,1896.0,160.0,1.0
707,38.0,130.0,1.0
708,1109.0,20.0,1.0
709,13720.0,102.0,1.0
710,16642.0,100.0,1.0
711,10033.0,102.0,1.0
712,7226.0,105.0,1.0
713,7035.0,105.0,1.0
714,4421.0,72.0,1.0
715,102.0,110.0,1.0
716,2692.0,40.0,1.0
717,454.0,123.0,1.0
718,1060.0,192.0,1.0
719,1701.0,240.3,1.0
720,1040.0,239.0,1.0
721,13052.0,105.0,1.0
722,2086.0,32.0,1.0
723,1660.0,104.0,1.0
724,8564.0,104.0,1.0
725,676.0,19.5,1.0
726,3426.0,224.7,1.0
727,3331.0,19.3,1.0
728,7588.0,19.2,1.0
729,22734.0,19.1,1.0
730,26.0,19.0,1.0
731,52.0,24.0,1.0
732,67.0,19.0,1.0
733,1853.0,19.0,1.0
734,1466.0,233.0,1.0
735,329.0,64.8,1.0
736,1571.0,96.7,1.0
737,2792.0,136.0,1.0
738,6565.0,141.3,1.0
739,1612.0,19.0,1.0
740,2450.0,80.1,1.0
741,5723.0,104.0,1.0
742,19955.0,105.0,1.0
743,2122.0,115.0,1.0
744,967.0,82.0,1.0
745,5907.0,119.0,1.0
746,5841.0,165.0,1.0
747,2984.0,138.5,1.0
748,22226.0,115.0,1.0
749,23744.0,115.0,1.0
750,2836.0,19.0,1.0
751,3315.0,19.0,1.0
752,11484.0,232.0,1.0
753,9542.0,19.0,1.0
754,10486.0,19.3,1.0
755,23072.0,19.15,1.0
756,1313.0,26.4,1.0
757,1716.0,39.3,1.0
758,0.0,19.15,1.0
759,7573.0,125.0,1.0
760,2027.0,105.0,1.0
761,1420.0,60.0,1.0
762,543.0,19.0,1.0
763,662.0,19.7,1.0
764,1684.0,24.0,1.0
765,2310.0,25.7,1.0
766,23.0,19.2,1.0
767,4431.0,120.9,1.0
768,1542.0,21.0,1.0
769,2167.0,19.0,1.0
770,19501.0,195.0,1.0
771,153.0,19.0,1.0
772,40.0,19.0,1.0
773,2947.0,242.7,1.0
774,6376.0,42.7,1.0
775,41392.0,240.0,1.0
776,4031.0,123.0,1.0
777,43.0,19.3,1.0
778,2487.0,19.0,1.0
779,2591.0,19.0,1.0
780,4432.0,190.0,1.0
781,625.0,100.0,1.0
782,3108.0,529.0,1.0
783,1416.0,90.0,1.0
784,9.0,20.1,1.0
785,5895.0,114.7,1.0
786,742.0,54.6,1.0
787,6508.0,19.2,1.0
788,651.0,19.0,1.0
789,11676.0,19.9,1.0
790,707.0,19.1,1.0
791,19308.0,21.4,1.0
792,10.0,20.7,1.0
793,219.0,19.0,1.0
794,1958.0,180.0,1.0
795,627.0,19.0,1.0
796,879.0,22.0,1.0
797,12904.0,19.0,1.0
798,687.0,24.0,1.0
799,974.0,180.0,1.0
800,1660.0,100.0,1.0
801,12822.0,19.1,1.0
802,12941.0,20.0,1.0
803,643.0,20.0,1.0
804,2488.0,235.5,1.0
805,606.0,20.0,1.0
806,84.0,23.0,1.0
807,1.0,100.0,1.0
808,688.0,19.0,1.0
809,2874.0,39.3,1.0
810,12739.0,19.0,1.0
811,708.0,231.9,1.0
812,5070.0,20.4,1.0
813,2087.0,188.0,1.0
814,2369.0,237.0,1.0
815,1583.0,41.0,1.0
816,3730.0,155.0,1.0
817,816.0,120.0,1.0
818,10183.0,19.7,1.0
819,811.0,22.0,1.0
820,674.0,19.0,1.0
821,42.0,20.0,1.0
822,3937.0,46.0,1.0
823,3.0,98.0,1.0
824,642.0,31.0,1.0
825,5332.0,22.5,1.0
826,43.0,19.5,1.0
827,33.0,20.0,1.0
828,726.0,19.0,1.0
829,4881.0,108.0,1.0
830,14365.0,300.0,1.0
831,13013.0,27.0,1.0
832,12941.0,19.0,1.0
833,687.0,19.0,1.0
834,83.0,19.0,1.0
835,543.0,31.0,1.0
836,1593.0,38.0,1.0
837,3047.0,19.0,1.0
838,2926.0,19.0,1.0
839,1164.0,24.0,1.0
840,2659.0,61.4,1.0
841,50.0,19.0,1.0
842,4.0,30.0,1.0
843,3.0,50.0,1.0
844,688.0,19.0,1.0
845,18939.0,20.0,1.0
846,1559.0,50.0,1.0
847,20.0,50.0,1.0
848,2366.0,87.0,1.0
849,18066.0,291.2,1.0
850,2956.0,26.0,1.0
851,368.0,38.0,1.0
852,1224.0,217.9,1.0
853,1229.0,22.0,1.0
854,18977.0,22.0,1.0
855,964.0,40.0,1.0
856,978.0,170.0,1.0
857,961.0,50.0,1.0
858,2074.0,40.0,1.0
859,1568.0,19.0,1.0
860,4794.0,236.7,1.0
861,1507.0,19.0,1.0
862,3236.0,19.0,1.0
863,0.0,21.0,1.0
864,1531.0,29.1,1.0
865,1519.0,235.5,1.0
866,931.0,100.0,1.0
867,2852.0,34.2,1.0
868,4173.0,35.9,1.0
869,463.0,87.0,1.0
870,4202.0,116.0,1.0
871,15646.0,230.0,1.0
872,5085.0,99.0,1.0
873,14.0,266.0,1.0
874,1843.0,60.0,1.0
875,890.0,67.0,1.0
876,11628.0,215.0,1.0
877,2043.0,63.1,1.0
878,2974.0,225.0,1.0
879,1752.0,35.0,1.0
880,8975.0,128.0,1.0
881,1186.0,140.7,1.0
882,1384.0,235.0,1.0
883,9050.0,19.0,1.0
884,4443.0,30.0,1.0
885,1332.0,58.0,1.0
886,2843.0,20.0,1.0
887,1510.0,29.0,1.0
888,83.0,80.0,1.0
889,3697.0,300.0,1.0
890,1359.0,70.0,1.0
891,5358.0,149.0,1.0
892,1220.0,67.0,1.0
893,6107.0,19.0,1.0
894,3195.0,117.0,1.0
895,828.0,120.0,1.0
896,2994.0,143.1,1.0
897,969.0,188.0,1.0
898,1206.0,202.0,1.0
899,3039.0,48.0,1.0
900,12902.0,140.0,1.0
901,27.0,80.0,1.0
902,3048.0,114.3,1.0
903,2175.0,117.0,1.0
904,3329.0,59.7,1.0
905,2715.0,130.0,1.0
906,431.0,99.0,1.0
907,7441.0,129.0,1.0
908,1261.0,27.4,1.0
909,58.0,180.0,1.0
910,29784.0,24.0,1.0
911,1982.0,68.0,1.0
912,2896.0,200.0,1.0
913,1005.0,100.0,1.0
914,1994.0,50.0,1.0
915,2335.0,43.2,1.0
916,477.0,86.0,1.0
917,1281.0,24.0,1.0
918,4620.0,166.0,1.0
919,1278.0,350.0,1.0
920,27.0,106.0,1.0
921,551.0,143.0,1.0
922,1227.0,40.0,1.0
923,3539.0,157.0,1.0
924,738.0,80.1,1.0
925,1525.0,110.0,1.0
926,11050.0,19.0,1.0
927,1159.0,51.2,1.0
928,4478.0,100.0,1.0
929,7.0,19.0,1.0
930,1120.0,19.0,1.0
931,2375.0,46.1,1.0
932,2411.0,24.0,1.0
933,1127.0,24.0,1.0
934,3482.0,103.0,1.0
935,1055.0,95.0,1.0
936,20587.0,110.0,1.0
937,8552.0,103.0,1.0
938,5447.0,280.0,1.0
939,885.0,108.7,1.0
940,6001.0,121.9,1.0
941,12768.0,200.0,1.0
942,6962.0,90.0,1.0
943,3725.0,110.0,1.0
944,36687.0,220.0,1.0
945,3516.0,120.0,1.0
946,2915.0,26.4,1.0
947,19616.0,80.0,1.0
948,36.0,98.0,1.0
949,3469.0,130.0,1.0
950,78.0,90.0,1.0
951,1715.0,19.0,1.0
952,1033.0,153.0,1.0
953,944.0,80.0,1.0
954,583.0,120.0,1.0
955,2438.0,57.0,1.0
956,1306.0,120.0,1.0
957,1133.0,138.0,1.0
958,1338.0,227.0,1.0
959,2748.0,100.0,1.0
960,4482.0,140.0,1.0
961,577.0,20.0,1.0
962,39984.0,320.0,1.0
963,2125.0,24.0,1.0
964,2501.0,195.0,1.0
965,1870.0,140.0,1.0
966,2603.0,120.0,1.0
967,5398.0,135.0,1.0
968,31823.0,280.0,1.0
969,6128.0,177.0,1.0
970,5509.0,141.0,1.0
971,3247.0,19.0,1.0
972,1110.0,141.0,1.0
973,12626.0,40.0,1.0
974,1247.0,60.0,1.0
975,10370.0,103.0,1.0
976,199.0,245.0,1.0
977,3136.0,258.0,1.0
978,29022.0,290.0,1.0
979,1291.0,179.0,1.0
980,61.0,177.0,1.0
981,1435.0,282.0,1.0
982,4934.0,230.0,1.0
983,1309.0,145.0,1.0
984,4159.0,180.0,1.0
985,1096.0,140.0,1.0
986,2816.0,143.0,1.0
987,221.0,152.0,1.0
988,2428.0,140.0,1.0
989,1530.0,111.0,1.0
990,2711.0,139.6,1.0
991,2114.0,125.0,1.0
992,1831.0,100.0,1.0
993,8233.0,200.0,1.0
994,4334.0,93.0,1.0
995,2856.0,126.0,1.0
996,2080.0,140.0,1.0
997,4709.0,63.0,1.0
998,744.0,100.0,1.0
999,4732.0,152.6,1.0
1000,2295.0,139.6,1.0
1001,3052.0,155.0,1.0
1002,3828.0,45.0,1.0
1003,623.0,65.0,1.0
1004,3284.0,140.0,1.0
1005,13216.0,180.0,1.0
1006,8081.0,120.0,1.0
1007,4037.0,58.0,1.0
1008,1072.0,143.0,1.0
1009,1589.0,100.0,1.0
1010,2776.0,141.0,1.0
1011,5345.0,20.0,1.0
1012,2071.0,58.0,1.0
1013,612.0,311.0,1.0
1014,3931.0,140.0,1.0
1015,33612.0,25.0,1.0
1016,2372.0,100.0,1.0
1017,4655.0,219.0,1.0
1018,3970.0,130.0,1.0
1019,2402.0,139.6,1.0
1020,1194.0,61.4,1.0
1021,1906.0,140.0,1.0
1022,1782.0,108.3,1.0
1023,2260.0,112.0,1.0
1024,15626.0,230.0,1.0
1025,4849.0,113.5,1.0
1026,1893.0,56.3,1.0
1027,450.0,70.0,1.0
1028,1304.0,89.7,1.0
1029,3118.0,304.3,1.0
1030,1778.0,106.3,1.0
1031,679.0,120.7,1.0
1032,4441.0,200.0,1.0
1033,6325.0,106.0,1.0
1034,1731.0,197.0,1.0
1035,1552.0,120.0,1.0
1036,609.0,115.5,1.0
1037,635.0,220.0,1.0
1038,28534.0,199.0,1.0
1039,1541.0,62.0,1.0
1040,7494.0,152.0,1.0
1041,3358.0,180.0,1.0
1042,1416.0,103.0,1.0
1043,2052.0,149.0,1.0
1044,9507.0,122.0,1.0
1045,874.0,102.7,1.0
1046,6500.0,64.0,1.0
1047,758.0,64.8,1.0
1048,4783.0,120.0,1.0
1049,1388.0,132.7,1.0
1050,5638.0,108.0,1.0
1051,1718.0,141.9,1.0
1052,718.0,255.0,1.0
1053,2244.0,90.0,1.0
1054,3698.0,160.0,1.0
1055,929.0,80.0,1.0
1056,1655.0,200.0,1.0
1057,1924.0,121.0,1.0
1058,2641.0,138.0,1.0
1059,668.0,210.0,1.0
1060,5541.0,108.7,1.0
1061,8820.0,60.0,1.0
1062,1086.0,80.0,1.0
1063,17491.0,165.0,1.0
1064,3710.0,86.0,1.0
1065,1302.0,221.5,1.0
1066,1898.0,145.5,1.0
1067,2907.0,81.8,1.0
1068,2995.0,24.0,1.0
1069,232.0,110.0,1.0
1070,2161.0,320.0,1.0
1071,2207.0,110.0,1.0
1072,1153.0,81.8,1.0
1073,2681.0,126.3,1.0
1074,4879.0,240.0,1.0
1075,2308.0,141.9,1.0
1076,2713.0,310.0,1.0
1077,351.0,98.0,1.0
1078,2930.0,143.1,1.0
1079,1526.0,115.0,1.0
1080,4675.0,158.0,1.0
1081,19848.0,153.0,1.0
1082,11159.0,100.0,1.0
1083,4579.0,250.0,1.0
1084,9608.0,242.0,1.0
1085,6987.0,140.7,1.0
1086,2370.0,24.0,1.0
1087,7969.0,115.0,1.0
1088,1187.0,81.0,1.0
1089,2412.0,125.1,1.0
1090,800.0,139.0,1.0
1091,2508.0,125.1,1.0
1092,1613.0,33.9,1.0
1093,1053.0,104.1,1.0
1094,1185.0,142.0,1.0
1095,7.0,80.0,1.0
1096,2064.0,125.0,1.0
1097,2891.0,315.0,1.0
1098,3177.0,24.0,1.0
1099,2124.0,138.0,1.0
1100,428.0,84.7,1.0
1101,5404.0,75.0,1.0
1102,239.0,143.0,1.0
1103,5498.0,58.0,1.0
1104,3972.0,140.0,1.0
1105,253.0,103.0,1.0
1106,2127.0,54.0,1.0
1107,257.0,316.0,1.0
1108,2853.0,60.0,1.0
1109,708.0,80.0,1.0
1110,1966.0,103.9,1.0
1111,636.0,143.0,1.0
1112,3898.0,100.0,1.0
1113,2239.0,80.1,1.0
1114,1759.0,123.9,1.0
1115,167.0,90.0,1.0
1116,3817.0,126.7,1.0
1117,4021.0,142.0,1.0
1118,2169.0,55.0,1.0
1119,1768.0,81.8,1.0
1120,1587.0,123.0,1.0
1121,210.0,96.0,1.0
1122,1081.0,268.3,1.0
1123,2379.0,84.7,1.0
1124,2249.0,108.7,1.0
1125,2121.0,141.0,1.0
1126,5465.0,124.0,1.0
1127,48176.0,399.0,1.0
1128,3531.0,142.0,1.0
1129,551.0,240.0,1.0
1130,15357.0,198.7,1.0
1131,27913.0,100.0,1.0
1132,2248.0,100.0,1.0
1133,688.0,196.0,1.0
1134,2078.0,140.0,1.0
1135,297.0,140.0,1.0
1136,5677.0,80.0,1.0
1137,1775.0,140.0,1.0
1138,3243.0,446.1,1.0
1139,3828.0,96.0,1.0
1140,236.0,58.0,1.0
1141,3398.0,140.0,1.0
1142,1202.0,82.0,1.0
1143,1273.0,140.0,1.0
1144,1171.0,59.0,1.0
1145,783.0,140.3,1.0
1146,688.0,81.8,1.0
1147,1391.0,91.0,1.0
1148,2776.0,80.1,1.0
1149,2933.0,350.0,1.0
1150,4558.0,143.0,1.0
1151,4559.0,81.8,1.0
1152,367.0,140.0,1.0
1153,2555.0,340.0,1.0
1154,2835.0,142.0,1.0
1155,535.0,300.0,1.0
1156,1040.0,390.5,1.0
1157,1391.0,38.0,1.0
1158,1754.0,90.7,1.0
1159,2874.0,147.0,1.0
1160,1361.0,40.0,1.0
1161,3062.0,330.0,1.0
1162,1358.0,83.5,1.0
1163,2901.0,260.0,1.0
1164,98.0,330.0,1.0
1165,38919.0,310.0,1.0
1166,1001.0,211.5,1.0
1167,677.0,215.0,1.0
1168,1576.0,61.4,1.0
1169,2029.0,250.0,1.0
1170,495.0,81.8,1.0
1171,134.0,180.0,1.0
1172,21285.0,30.0,1.0
1173,1255.0,139.0,1.0
1174,3046.0,83.5,1.0
1175,119.0,35.0,1.0
1176,1969.0,321.0,1.0
1177,2945.0,91.0,1.0
1178,928.0,140.0,1.0
1179,1321.0,137.0,1.0
1180,1193.0,81.8,1.0
1181,81.0,25.0,1.0
1182,1148.0,280.0,1.0
1183,608.0,141.3,1.0
1184,1343.0,24.0,1.0
1185,3332.0,141.3,1.0
1186,9259.0,232.0,1.0
1187,2260.0,109.5,1.0
1188,1178.0,222.0,1.0
1189,2927.0,242.0,1.0
1190,4580.0,92.0,1.0
1191,1202.0,160.0,1.0
1192,6732.0,91.0,1.0
1193,81.0,140.0,1.0
1194,1342.0,60.0,1.0
1195,686.0,83.5,1.0
1196,7008.0,19.0,1.0
1197,96.0,140.0,1.0
1198,1434.0,83.5,1.0
1199,1672.0,111.9,1.0
1200,3457.0,100.0,1.0
1201,1289.0,25.0,1.0
1202,2567.0,82.0,1.0
1203,1166.0,280.0,1.0
1204,3485.0,126.0,1.0
1205,923.0,140.0,1.0
1206,841.0,1425.1,1.0
1207,4990.0,171.0,1.0
1208,8490.0,320.0,1.0
1209,7558.0,112.0,1.0
1210,2775.0,69.9,1.0
1211,1971.0,26.4,1.0
1212,42.0,55.0,1.0
1213,2466.0,19.0,1.0
1214,93.0,20.0,1.0
1215,202.0,55.0,1.0
1216,81.0,66.0,1.0
1217,30812.0,20.0,1.0
1218,103.0,30.0,1.0
1219,103.0,20.0,1.0
1220,540.0,137.0,1.0
1221,227.0,252.0,1.0
1222,2311.0,141.3,1.0
1223,3024.0,131.0,1.0
1224,1835.0,26.4,1.0
1225,3727.0,325.9,1.0
1226,4182.0,211.9,1.0
1227,2292.0,26.4,1.0
1228,2696.0,84.7,1.0
1229,804.0,95.0,1.0
1230,1530.0,113.1,1.0
1231,286.0,150.0,1.0
1232,992.0,150.0,1.0
1233,665.0,46.0,1.0
1234,1626.0,141.0,1.0
1235,989.0,26.4,1.0
1236,4669.0,105.0,1.0
1237,2951.0,81.8,1.0
1238,8878.0,26.4,1.0
1239,1057.0,101.1,1.0
1240,904.0,100.3,1.0
1241,627.0,142.0,1.0
1242,10057.0,26.4,1.0
1243,1914.0,56.3,1.0
1244,8476.0,100.0,1.0
1245,737.0,55.0,1.0
1246,862.0,140.0,1.0
1247,8222.0,76.7,1.0
1248,4212.0,192.0,1.0
1249,2116.0,85.0,1.0
1250,1747.0,111.0,1.0
1251,1600.0,113.1,1.0
1252,1003.0,56.0,1.0
1253,128.0,20.0,1.0
1254,33838.0,205.0,1.0
1255,9505.0,82.0,1.0
1256,2577.0,207.1,1.0
1257,1720.0,140.0,1.0
1258,2730.0,191.5,1.0
1259,3623.0,81.8,1.0
1260,100.0,380.0,1.0
1261,4814.0,26.4,1.0
1262,2741.0,66.5,1.0
1263,3276.0,197.0,1.0
1264,307.0,63.0,1.0
1265,6505.0,68.0,1.0
1266,2679.0,271.5,1.0
1267,1210.0,43.0,1.0
1268,2446.0,95.0,1.0
1269,5668.0,113.5,1.0
1270,1299.0,85.0,1.0
1271,1116.0,99.0,1.0
1272,4256.0,85.0,1.0
1273,1819.0,138.0,1.0
1274,3174.0,150.0,1.0
1275,2266.0,73.3,1.0
1276,1247.0,64.8,1.0
1277,403.0,105.9,1.0
1278,1045.0,131.5,1.0
1279,1524.0,54.6,1.0
1280,319.0,140.7,1.0
1281,2890.0,24.0,1.0
1282,5603.0,132.6,1.0
1283,1052.0,126.2,1.0
1284,3252.0,173.0,1.0
1285,2675.0,195.7,1.0
1286,3441.0,280.0,1.0
1287,1054.0,112.0,1.0
1288,696.0,78.4,1.0
1289,757.0,125.5,1.0
1290,934.0,80.1,1.0
1291,3180.0,60.0,1.0
1292,849.0,50.0,1.0
1293,4804.0,271.1,1.0
1294,2295.0,95.0,1.0
1295,3407.0,207.0,1.0
1296,1562.0,199.0,1.0
1297,5009.0,190.0,1.0
1298,1261.0,58.0,1.0
1299,1281.0,53.0,1.0
1300,1898.0,33.0,1.0
1301,2101.0,89.5,1.0
1302,2958.0,60.0,1.0
1303,2499.0,212.7,1.0
1304,885.0,80.1,1.0
1305,5687.0,223.9,1.0
1306,4274.0,210.0,1.0
1307,1718.0,125.1,1.0
1308,2207.0,61.4,1.0
1309,2164.0,90.0,1.0
1310,2421.0,125.1,1.0
1311,9683.0,235.0,1.0
1312,1227.0,24.0,1.0
1313,2987.0,75.0,1.0
1314,3543.0,61.9,1.0
1315,2240.0,94.3,1.0
1316,1109.0,185.0,1.0
1317,2933.0,105.0,1.0
1318,1747.0,126.7,1.0
1319,3378.0,350.0,1.0
1320,48.0,355.0,1.0
1321,3385.0,135.0,1.0
1322,36098.0,300.0,1.0
1323,1741.0,85.0,1.0
1324,27099.0,264.7,1.0
1325,8618.0,217.0,1.0
1326,2586.0,123.9,1.0
1327,3143.0,64.8,1.0
1328,1081.0,60.0,1.0
1329,913.0,110.7,1.0
1330,1903.0,82.0,1.0
1331,3597.0,222.0,1.0
1332,608.0,310.0,1.0
1333,5238.0,300.0,1.0
1334,2422.0,210.0,1.0
1335,622.0,141.3,1.0
1336,2446.0,62.0,1.0
1337,7642.0,333.0,1.0
1338,2872.0,126.3,1.0
1339,4562.0,65.0,1.0
1340,1633.0,61.4,1.0
1341,2405.0,144.7,1.0
1342,234.0,233.0,1.0
1343,8567.0,92.0,1.0
1344,2786.0,205.0,1.0
1345,1078.0,55.0,1.0
1346,2826.0,385.0,1.0
1347,1827.0,90.1,1.0
1348,209.0,145.0,1.0
1349,395.0,100.0,1.0
1350,2493.0,100.0,1.0
1351,386.0,92.0,1.0
1352,859.0,70.0,1.0
1353,5265.0,135.0,1.0
1354,1444.0,119.5,1.0
1355,13.0,60.0,1.0
1356,863.0,68.0,1.0
1357,3879.0,200.0,1.0
1358,1176.0,213.9,1.0
1359,1495.0,80.1,1.0
1360,1659.0,290.0,1.0
1361,1775.0,66.0,1.0
1362,4740.0,69.9,1.0
1363,1603.0,61.9,1.0
1364,980.0,140.0,1.0
1365,668.0,133.9,1.0
1366,3085.0,109.5,1.0
1367,2821.0,90.0,1.0
1368,3102.0,141.3,1.0
1369,7183.0,271.0,1.0
1370,1304.0,123.1,1.0
1371,1232.0,150.0,1.0
1372,1283.0,80.0,1.0
1373,2428.0,139.0,1.0
1374,2242.0,100.0,1.0
1375,3724.0,130.0,1.0
1376,6453.0,160.0,1.0
1377,698.0,81.8,1.0
1378,547.0,189.0,1.0
1379,98.0,20.0,1.0
1380,6498.0,218.0,1.0
1381,5107.0,136.3,1.0
1382,3616.0,111.9,1.0
1383,7011.0,80.0,1.0
1384,7901.0,240.0,1.0
1385,445.0,78.0,1.0
1386,4004.0,50.0,1.0
1387,3570.0,315.0,1.0
1388,813.0,215.0,1.0
1389,1127.0,300.0,1.0
1390,1515.0,82.0,1.0
1391,2197.0,105.0,1.0
1392,6063.0,40.0,1.0
1393,2752.0,115.0,1.0
1394,4534.0,158.3,1.0
1395,829.0,96.9,1.0
1396,1480.0,114.3,1.0
1397,2602.0,102.7,1.0
1398,5120.0,19.0,1.0
1399,9179.0,123.1,1.0
1400,4031.0,124.3,1.0
1401,9708.0,350.0,1.0
1402,128.0,142.3,1.0
1403,1503.0,104.0,1.0
1404,1197.0,59.7,1.0
1405,1651.0,125.1,1.0
1406,2601.0,26.4,1.0
1407,6633.0,138.7,1.0
1408,3637.0,80.1,1.0
1409,1944.0,107.5,1.0
1410,1369.0,138.0,1.0
1411,450.0,117.0,1.0
1412,5976.0,80.0,1.0
1413,1787.0,60.0,1.0
1414,2300.0,98.0,1.0
1415,5852.0,250.3,1.0
1416,1933.0,60.0,1.0
1417,2883.0,32.5,1.0
1418,533.0,96.9,1.0
1419,2086.0,123.0,1.0
1420,8142.0,111.9,1.0
1421,3152.0,80.1,1.0
1422,1122.0,89.0,1.0
1423,456.0,98.0,1.0
1424,3498.0,137.9,1.0
1425,2416.0,150.0,1.0
1426,1166.0,138.0,1.0
1427,0.0,126.7,1.0
1428,2558.0,130.3,1.0
1429,3759.0,24.0,1.0
1430,1687.0,24.0,1.0
1431,783.0,238.0,1.0
1432,3681.0,124.0,1.0
1433,715.0,215.0,1.0
1434,573.0,190.0,1.0
1435,4596.0,270.7,1.0
1436,1522.0,80.0,1.0
1437,207.0,97.0,1.0
1438,1487.0,85.9,1.0
1439,2216.0,114.0,1.0
1440,8969.0,180.0,1.0
1441,1518.0,140.0,1.0
1442,763.0,95.7,1.0
1443,1915.0,215.1,1.0
1444,637.0,83.5,1.0
1445,2327.0,124.0,1.0
1446,2290.0,100.0,1.0
1447,3767.0,71.0,1.0
1448,985.0,60.0,1.0
1449,1543.0,96.9,1.0
1450,3837.0,89.5,1.0
1451,2525.0,200.0,1.0
1452,1369.0,80.0,1.0
1453,4610.0,123.9,1.0
1454,4839.0,206.9,1.0
1455,16574.0,256.0,1.0
1456,3946.0,374.0,1.0
1457,1739.0,97.0,1.0
1458,836.0,31.0,1.0
1459,5574.0,98.0,1.0
1460,1576.0,152.5,1.0
1461,125.0,61.4,1.0
1462,1168.0,75.0,1.0
1463,7266.0,139.6,1.0
1464,1558.0,137.5,1.0
1465,3711.0,156.3,1.0
1466,1529.0,69.0,1.0
1467,3905.0,131.5,1.0
1468,6677.0,123.0,1.0
1469,4162.0,155.5,1.0
1470,2946.0,60.0,1.0
1471,3792.0,151.5,1.0
1472,2283.0,190.0,1.0
1473,1381.0,109.5,1.0
1474,2247.0,125.1,1.0
1475,2769.0,91.9,1.0
1476,2230.0,98.1,1.0
1477,2696.0,212.7,1.0
1478,2115.0,116.0,1.0
1479,1898.0,91.9,1.0
1480,4161.0,24.0,1.0
1481,4515.0,140.0,1.0
1482,1053.0,96.9,1.0
1483,7887.0,215.0,1.0
1484,2996.0,132.8,1.0
1485,3805.0,125.1,1.0
1486,2712.0,152.3,1.0
1487,1775.0,163.0,1.0
1488,1591.0,120.0,1.0
1489,227.0,86.0,1.0
1490,1659.0,30.0,1.0
1491,5192.0,123.9,1.0
1492,1424.0,251.5,1.0
1493,2075.0,95.7,1.0
1494,1237.0,85.9,1.0
1495,4111.0,146.3,1.0
1496,1558.0,140.0,1.0
1497,2628.0,60.0,1.0
1498,330.0,131.5,1.0
1499,5161.0,102.0,1.0
1500,1105.0,300.0,1.0
1501,3320.0,104.0,1.0
1502,2409.0,147.0,1.0
1503,928.0,49.0,1.0
1504,1849.0,143.2,1.0
1505,4419.0,101.5,1.0
1506,5907.0,66.6,1.0
1507,1922.0,106.3,1.0
1508,5831.0,125.1,1.0
1509,2043.0,89.5,1.0
1510,1991.0,57.0,1.0
1511,674.0,63.1,1.0
1512,4196.0,57.0,1.0
1513,8687.0,160.0,1.0
1514,2751.0,75.0,1.0
1515,1265.0,111.9,1.0
1516,1526.0,74.0,1.0
1517,11086.0,170.0,1.0
1518,1364.0,108.7,1.0
1519,3550.0,20.0,1.0
1520,44.0,25.0,1.0
1521,1578.0,137.9,1.0
1522,150.0,140.0,1.0
1523,3636.0,125.1,1.0
1524,2638.0,121.9,1.0
1525,1729.0,128.8,1.0
1526,5422.0,19.0,1.0
1527,7700.0,95.0,1.0
1528,3034.0,81.8,1.0
1529,2510.0,128.7,1.0
1530,1245.0,129.1,1.0
1531,1948.0,26.0,1.0
1532,3325.0,58.0,1.0
1533,2047.0,143.0,1.0
1534,2354.0,122.0,1.0
1535,6503.0,160.0,1.0
1536,2965.0,19.0,1.0
1537,2560.0,315.0,1.0
1538,3111.0,317.0,1.0
1539,2614.0,126.3,1.0
1540,821.0,182.0,1.0
1541,2576.0,120.0,1.0
1542,832.0,96.9,1.0
1543,4335.0,75.0,1.0
1544,1114.0,54.5,1.0
1545,3146.0,350.0,1.0
1546,1697.0,60.0,1.0
1547,2285.0,73.3,1.0
1548,254.0,96.0,1.0
1549,2179.0,233.9,1.0
1550,1961.0,69.9,1.0
1551,3443.0,103.9,1.0
1552,10327.0,65.0,1.0
1553,554.0,83.0,1.0
1554,1514.0,176.9,1.0
1555,2843.0,146.3,1.0
1556,4651.0,172.7,1.0
1557,3457.0,113.0,1.0
1558,725.0,22.0,1.0
1559,365.0,65.0,1.0
1560,1651.0,60.0,1.0
1561,1859.0,96.7,1.0
1562,964.0,68.2,1.0
1563,2200.0,60.0,1.0
1564,38627.0,400.0,1.0
1565,873.0,69.9,1.0
1566,1109.0,134.0,1.0
1567,1897.0,143.0,1.0
1568,199.0,190.0,1.0
1569,7459.0,96.9,1.0
1570,3324.0,123.9,1.0
1571,2482.0,19.0,1.0
1572,189.0,28.0,1.0
1573,141.0,30.0,1.0
1574,136.0,23.0,1.0
1575,136.0,100.0,1.0
1576,4549.0,64.0,1.0
1577,131.0,200.0,1.0
1578,298.0,28.0,1.0
1579,181.0,21.0,1.0
1580,397.0,30.0,1.0
1581,7196.0,125.0,1.0
1582,268.0,30.0,1.0
1583,1510.0,130.3,1.0
1584,2481.0,143.0,1.0
1585,14270.0,340.0,1.0
1586,8248.0,160.0,1.0
1587,2166.0,95.7,1.0
1588,5791.0,72.0,1.0
1589,1399.0,123.9,1.0
1590,3036.0,19.0,1.0
1591,3229.0,175.0,1.0
1592,1992.0,170.0,1.0
1593,6945.0,161.9,1.0
1594,5131.0,80.0,1.0
1595,2348.0,123.9,1.0
1596,18414.0,64.0,1.0
1597,3770.0,58.0,1.0
1598,3187.0,58.0,1.0
1599,965.0,100.0,1.0
1600,10455.0,94.3,1.0
1601,790.0,73.3,1.0
1602,464.0,96.9,1.0
1603,2118.0,137.9,1.0
1604,2080.0,58.0,1.0
1605,2705.0,130.0,1.0
1606,1309.0,150.0,1.0
1607,3535.0,44.3,1.0
1608,2303.0,154.0,1.0
1609,7514.0,213.0,1.0
1610,673.0,114.7,1.0
1611,1962.0,99.1,1.0
1612,122.0,120.0,1.0
1613,8993.0,233.0,1.0
1614,1111.0,95.7,1.0
1615,2617.0,75.0,1.0
1616,2835.0,211.0,1.0
1617,3721.0,214.0,1.0
1618,7494.0,90.0,1.0
1619,1115.0,109.0,1.0
1620,2449.0,121.0,1.0
1621,7998.0,95.7,1.0
1622,3468.0,134.3,1.0
1623,2006.0,127.0,1.0
1624,2562.0,118.3,1.0
1625,3596.0,26.4,1.0
1626,2716.0,212.5,1.0
1627,2510.0,126.3,1.0
1628,33438.0,68.0,1.0
1629,2003.0,70.0,1.0
1630,2857.0,83.5,1.0
1631,17.0,120.0,1.0
1632,1836.0,143.0,1.0
1633,2822.0,136.0,1.0
1634,1560.0,123.9,1.0
1635,2033.0,143.9,1.0
1636,2253.0,168.0,1.0
1637,1672.0,58.0,1.0
1638,2745.0,124.3,1.0
1639,3554.0,131.0,1.0
1640,2209.0,119.1,1.0
1641,1290.0,157.0,1.0
1642,2266.0,98.0,1.0
1643,79.0,66.0,1.0
1644,1080.0,85.0,1.0
1645,3231.0,58.0,1.0
1646,1493.0,147.0,1.0
1647,1163.0,100.0,1.0
1648,5764.0,156.3,1.0
1649,1388.0,19.0,1.0
1650,1040.0,22.0,1.0
1651,6176.0,120.0,1.0
1652,7112.0,120.0,1.0
1653,1508.0,58.0,1.0
1654,1942.0,238.0,1.0
1655,2739.0,227.8,1.0
1656,2968.0,208.7,1.0
1657,2482.0,68.2,1.0
1658,342.0,155.0,1.0
1659,7768.0,136.7,1.0
1660,1071.0,192.0,1.0
1661,3713.0,124.0,1.0
1662,13444.0,330.0,1.0
1663,2963.0,88.0,1.0
1664,1151.0,62.0,1.0
1665,2012.0,19.0,1.0
1666,14145.0,145.0,1.0
1667,757.0,214.0,1.0
1668,1322.0,170.7,1.0
1669,2215.0,117.0,1.0
1670,3404.0,130.0,1.0
1671,323.0,145.0,1.0
1672,1836.0,110.0,1.0
1673,2367.0,249.0,1.0
1674,2526.0,130.0,1.0
1675,351.0,206.0,1.0
1676,1021.0,171.0,1.0
1677,433.0,232.0,1.0
1678,3135.0,210.3,1.0
1679,44.0,241.7,1.0
1680,2310.0,56.0,1.0
1681,65.0,130.0,1.0
1682,357.0,152.0,1.0
1683,2677.0,118.3,1.0
1684,1493.0,212.7,1.0
1685,7197.0,194.9,1.0
1686,2507.0,19.0,1.0
1687,1620.0,232.0,1.0
1688,2755.0,119.0,1.0
1689,2966.0,160.0,1.0
1690,2806.0,142.0,1.0
1691,4931.0,214.0,1.0
1692,692.0,64.8,1.0
1693,3189.0,130.0,1.0
1694,6545.0,139.4,1.0
1695,1230.0,68.2,1.0
1696,2103.0,130.0,1.0
1697,39826.0,400.0,1.0
1698,2774.0,70.0,1.0
1699,34480.0,280.0,1.0
1700,1745.0,100.0,1.0
1701,2030.0,89.5,1.0
1702,3432.0,130.0,1.0
1703,402.0,153.0,1.0
1704,2295.0,157.0,1.0
1705,3771.0,137.0,1.0
1706,644.0,182.5,1.0
1707,4776.0,158.3,1.0
1708,89.0,70.0,1.0
1709,2929.0,118.3,1.0
1710,3018.0,59.7,1.0
1711,3432.0,25.0,1.0
1712,1726.0,137.5,1.0
1713,2563.0,250.0,1.0
1714,120.0,24.0,1.0
1715,1961.0,112.0,1.0
1716,3224.0,80.0,1.0
1717,5491.0,186.0,1.0
1718,3128.0,130.0,1.0
1719,6954.0,143.1,1.0
1720,4228.0,119.5,1.0
1721,240.0,33.0,1.0
1722,547.0,238.0,1.0
1723,766.0,290.7,1.0
1724,6841.0,142.0,1.0
1725,3605.0,246.5,1.0
1726,2258.0,211.9,1.0
1727,1657.0,132.0,1.0
1728,987.0,152.5,1.0
1729,5362.0,120.0,1.0
1730,3220.0,130.0,1.0
1731,1526.0,60.0,1.0
1732,2077.0,269.0,1.0
1733,2174.0,125.1,1.0
1734,5260.0,123.9,1.0
1735,1979.0,130.0,1.0
1736,2530.0,130.0,1.0
1737,2167.0,281.5,1.0
1738,3587.0,210.0,1.0
1739,2250.0,125.1,1.0
1740,2548.0,56.3,1.0
1741,2434.0,93.0,1.0
1742,1465.0,64.8,1.0
1743,3818.0,63.0,1.0
1744,7214.0,100.0,1.0
1745,1801.0,131.5,1.0
1746,2964.0,78.0,1.0
1747,1234.0,19.0,1.0
1748,1235.0,19.0,1.0
1749,2326.0,130.0,1.0
1750,3086.0,61.4,1.0
1751,3787.0,274.0,1.0
1752,5546.0,136.0,1.0
1753,4078.0,28.0,1.0
1754,3209.0,46.0,1.0
1755,1585.0,274.3,1.0
1756,1965.0,60.0,1.0
1757,481.0,139.1,1.0
1758,4732.0,120.0,1.0
1759,3228.0,80.0,1.0
1760,3366.0,130.0,1.0
1761,2933.0,147.0,1.0
1762,1803.0,110.0,1.0
1763,1342.0,62.0,1.0
1764,2094.0,125.5,1.0
1765,550.0,131.5,1.0
1766,3209.0,150.0,1.0
1767,3595.0,125.5,1.0
1768,352.0,24.0,1.0
1769,2565.0,194.0,1.0
1770,1908.0,123.3,1.0
1771,170.0,130.0,1.0
1772,8058.0,222.0,1.0
1773,9164.0,121.0,1.0
1774,16506.0,20.0,1.0
1775,9467.0,179.0,1.0
1776,11090.0,124.3,1.0
1777,666.0,22.0,1.0
1778,3802.0,37.6,1.0
1779,1622.0,110.0,1.0
1780,5581.0,380.0,1.0
1781,1805.0,118.3,1.0
1782,2174.0,109.0,1.0
1783,656.0,600.0,1.0
1784,655.0,800.0,1.0
1785,678.0,300.0,1.0
1786,13.0,22.0,1.0
1787,785.0,300.0,1.0
1788,1080.0,30.0,1.0
1789,91.0,60.0,1.0
1790,2623.0,130.0,1.0
1791,1368.0,120.7,1.0
1792,3090.0,179.7,1.0
1793,3777.0,60.0,1.0
1794,2625.0,164.3,1.0
1795,1088.0,111.9,1.0
1796,2157.0,122.0,1.0
1797,269.0,150.0,1.0
1798,1300.0,20.0,1.0
1799,10101.0,120.0,1.0
1800,1789.0,97.9,1.0
1801,2506.0,226.0,1.0
1802,119.0,130.0,1.0
1803,1594.0,142.7,1.0
1804,1569.0,110.7,1.0
1805,3656.0,125.1,1.0
1806,1555.0,157.0,1.0
1807,1334.0,185.0,1.0
1808,2335.0,157.1,1.0
1809,2943.0,151.0,1.0
1810,558.0,41.0,1.0
1811,3144.0,202.0,1.0
1812,1801.0,130.0,1.0
1813,2310.0,152.0,1.0
1814,2599.0,125.1,1.0
1815,1826.0,159.0,1.0
1816,4333.0,44.0,1.0
1817,4572.0,56.3,1.0
1818,2105.0,155.1,1.0
1819,7046.0,155.0,1.0
1820,3096.0,170.0,1.0
1821,2034.0,161.9,1.0
1822,381.0,130.0,1.0
1823,1208.0,135.0,1.0
1824,2325.0,127.0,1.0
1825,4263.0,156.0,1.0
1826,5488.0,234.0,1.0
1827,2585.0,24.0,1.0
1828,6472.0,212.0,1.0
1829,5471.0,152.7,1.0
1830,9750.0,300.0,1.0
1831,8316.0,152.0,1.0
1832,3569.0,224.0,1.0
1833,4561.0,232.3,1.0
1834,1454.0,140.0,1.0
1835,2853.0,130.0,1.0
1836,3060.0,131.0,1.0
1837,5232.0,310.0,1.0
1838,3028.0,281.7,1.0
1839,2860.0,96.0,1.0
1840,5586.0,144.7,1.0
1841,30533.0,19.0,1.0
1842,1555.0,24.0,1.0
1843,1854.0,130.0,1.0
1844,1919.0,122.7,1.0
1845,2760.0,362.0,1.0
1846,1776.0,133.0,1.0
1847,2814.0,122.0,1.0
1848,1140.0,209.1,1.0
1849,3337.0,132.3,1.0
1850,3774.0,20.0,1.0
1851,4315.0,125.5,1.0
1852,1484.0,44.4,1.0
1853,7687.0,156.0,1.0
1854,151.0,172.7,1.0
1855,5827.0,120.0,1.0
1856,3250.0,223.5,1.0
1857,3410.0,130.0,1.0
1858,2529.0,70.0,1.0
1859,35.0,65.0,1.0
1860,2046.0,87.1,1.0
1861,3434.0,135.0,1.0
1862,4668.0,46.0,1.0
1863,560.0,90.0,1.0
1864,438.0,35.9,1.0
1865,5224.0,86.0,1.0
1866,841.0,213.0,1.0
1867,356.0,22.0,1.0
1868,5.0,158.0,1.0
1869,102.0,30.0,1.0
1870,3436.0,130.0,1.0
1871,2126.0,137.0,1.0
1872,1644.0,26.4,1.0
1873,2896.0,373.0,1.0
1874,803.0,48.0,1.0
1875,50.0,25.0,1.0
1876,1868.0,24.0,1.0
1877,981.0,42.7,1.0
1878,2196.0,341.0,1.0
1879,1025.0,24.0,1.0
1880,1230.0,210.0,1.0
1881,2297.0,81.8,1.0
1882,5.0,52.0,1.0
1883,1368.0,97.9,1.0
1884,51.0,85.0,1.0
1885,945.0,112.0,1.0
1886,1289.0,159.5,1.0
1887,2368.0,123.9,1.0
1888,32564.0,280.0,1.0
1889,4287.0,108.3,1.0
1890,5.0,280.0,1.0
1891,3352.0,120.0,1.0
1892,1090.0,89.5,1.0
1893,470.0,142.3,1.0
1894,8601.0,99.1,1.0
1895,924.0,155.0,1.0
1896,16731.0,230.0,1.0
1897,128.0,80.0,1.0
1898,3464.0,237.0,1.0
1899,3099.0,63.1,1.0
1900,5170.0,87.0,1.0
1901,12011.0,161.0,1.0
1902,1319.0,210.0,1.0
1903,2413.0,74.0,1.0
1904,3668.0,124.3,1.0
1905,862.0,100.0,1.0
1906,1378.0,152.6,1.0
1907,250.0,48.0,1.0
1908,34488.0,278.0,1.0
1909,20.0,42.4,1.0
1910,541.0,153.0,1.0
1911,695.0,25.0,1.0
1912,288.0,25.0,1.0
1913,702.0,23.0,1.0
1914,60.0,21.0,1.0
1915,1926.0,104.5,1.0
1916,136.0,30.0,1.0
1917,705.0,68.0,1.0
1918,3177.0,43.0,1.0
1919,1031.0,120.0,1.0
1920,1403.0,109.5,1.0
1921,2251.0,133.7,1.0
1922,7518.0,380.7,1.0
1923,275.0,30.0,1.0
1924,69.0,30.0,1.0
1925,507.0,30.0,1.0
1926,101.0,175.0,1.0
1927,971.0,19.0,1.0
1928,3984.0,157.7,1.0
1929,1493.0,60.0,1.0
1930,1069.0,157.1,1.0
1931,766.0,102.7,1.0
1932,2718.0,110.3,1.0
1933,2037.0,164.7,1.0
1934,1405.0,47.8,1.0
1935,1110.0,73.3,1.0
1936,1054.0,155.0,1.0
1937,2715.0,145.1,1.0
1938,3018.0,180.0,1.0
1939,128.0,256.0,1.0
1940,1121.0,33.5,1.0
1941,777.0,28.0,1.0
1942,1905.0,149.1,1.0
1943,6544.0,152.7,1.0
1944,1398.0,120.0,1.0
1945,59.0,366.0,1.0
1946,796.0,255.0,1.0
1947,4079.0,86.0,1.0
1948,5173.0,153.0,1.0
1949,3043.0,99.3,1.0
1950,2368.0,141.9,1.0
1951,1628.0,107.0,1.0
1952,2661.0,24.0,1.0
1953,10863.0,200.0,1.0
1954,2411.0,144.0,1.0
1955,2532.0,118.0,1.0
1956,3110.0,63.1,1.0
1957,1924.0,170.0,1.0
1958,498.0,24.0,1.0
1959,2725.0,51.2,1.0
1960,3708.0,47.8,1.0
1961,73.0,24.0,1.0
1962,32831.0,255.0,1.0
1963,772.0,138.0,1.0
1964,684.0,204.3,1.0
1965,709.0,20.0,1.0
1966,1144.0,110.0,1.0
1967,3167.0,178.1,1.0
1968,2204.0,160.7,1.0
1969,5137.0,332.0,1.0
1970,1164.0,238.3,1.0
1971,912.0,161.9,1.0
1972,2291.0,93.1,1.0
1973,4096.0,80.0,1.0
1974,2028.0,146.0,1.0
1975,2157.0,66.6,1.0
1976,173.0,103.9,1.0
1977,2567.0,290.0,1.0
1978,3044.0,120.0,1.0
1979,5380.0,61.0,1.0
1980,6424.0,96.9,1.0
1981,1885.0,32.5,1.0
1982,2051.0,90.7,1.0
1983,1120.0,25.7,1.0
1984,17255.0,229.0,1.0
1985,5999.0,100.8,1.0
1986,2146.0,123.0,1.0
1987,3001.0,81.8,1.0
1988,1745.0,392.0,1.0
1989,534.0,121.9,1.0
1990,3874.0,120.0,1.0
1991,1556.0,198.0,1.0
1992,3972.0,118.0,1.0
1993,98.0,88.0,1.0
1994,2654.0,24.0,1.0
1995,2659.0,24.0,1.0
1996,1156.0,141.1,1.0
1997,3270.0,213.3,1.0
1998,3605.0,245.0,1.0
1999,3901.0,218.1,1.0
2000,1755.0,41.9,1.0
2001,564.0,57.0,1.0
2002,1076.0,113.0,1.0
2003,1809.0,321.0,1.0
2004,5620.0,100.0,1.0
2005,3079.0,114.0,1.0
2006,1135.0,200.0,1.0
2007,10364.0,133.9,1.0
2008,3484.0,96.0,1.0
2009,1425.0,46.0,1.0
2010,1447.0,64.0,1.0
2011,30941.0,200.0,1.0
2012,8686.0,280.0,1.0
2013,2450.0,75.0,1.0
2014,4761.0,152.9,1.0
2015,3880.0,381.3,1.0
2016,2211.0,22.0,1.0
2017,3015.0,113.5,1.0
2018,260.0,24.0,1.0
2019,1956.0,112.3,1.0
2020,2801.0,50.0,1.0
2021,1362.0,157.0,1.0
2022,6314.0,248.3,1.0
2023,4766.0,90.0,1.0
2024,4219.0,274.0,1.0
2025,2887.0,135.0,1.0
2026,3828.0,234.7,1.0
2027,3146.0,19.0,1.0
2028,814.0,67.9,1.0
2029,2331.0,65.0,1.0
2030,5770.0,19.0,1.0
2031,5574.0,155.1,1.0
2032,2930.0,114.0,1.0
2033,1209.0,267.0,1.0
2034,18954.0,136.0,1.0
2035,40.0,19.0,1.0
2036,710.0,24.0,1.0
2037,1855.0,24.0,1.0
2038,4323.0,24.0,1.0
2039,458.0,54.6,1.0
2040,15.0,24.0,1.0
2041,65.0,24.0,1.0
2042,216.0,24.0,1.0
2043,188.0,24.0,1.0
2044,993.0,89.5,1.0
2045,237.0,24.0,1.0
2046,48.0,24.0,1.0
2047,720.0,55.0,1.0
2048,24.0,88.0,1.0
2049,722.0,24.0,1.0
2050,44.0,24.0,1.0
2051,28.0,155.0,1.0
2052,718.0,88.0,1.0
2053,35.0,24.0,1.0
2054,715.0,24.0,1.0
2055,713.0,24.0,1.0
2056,44.0,24.0,1.0
2057,598.0,88.0,1.0
2058,720.0,28.0,1.0
2059,39.0,88.0,1.0
2060,276.0,88.0,1.0
2061,267.0,88.0,1.0
2062,303.0,155.0,1.0
2063,10980.0,146.0,1.0
2064,418.0,24.0,1.0
2065,679.0,30.0,1.0
2066,120.0,144.0,1.0
2067,259.0,133.0,1.0
2068,49.0,155.0,1.0
2069,800.0,88.0,1.0
2070,697.0,155.0,1.0
2071,682.0,155.0,1.0
2072,687.0,155.0,1.0
2073,693.0,155.0,1.0
2074,685.0,200.0,1.0
2075,689.0,155.0,1.0
2076,690.0,111.0,1.0
2077,578.0,238.0,1.0
2078,579.0,280.0,1.0
2079,686.0,139.0,1.0
2080,683.0,150.0,1.0
2081,685.0,30.0,1.0
2082,153.0,100.0,1.0
2083,685.0,155.0,1.0
2084,691.0,155.0,1.0
2085,686.0,155.0,1.0
2086,686.0,155.0,1.0
2087,686.0,155.0,1.0
2088,686.0,155.0,1.0
2089,687.0,120.0,1.0
2090,694.0,155.0,1.0
2091,688.0,550.0,1.0
2092,687.0,155.0,1.0
2093,70.0,155.0,1.0
2094,74.0,155.0,1.0
2095,681.0,155.0,1.0
2096,49.0,155.0,1.0
2097,791.0,150.0,1.0
2098,272.0,155.0,1.0
2099,397.0,155.0,1.0
2100,241.0,155.0,1.0
2101,41.0,155.0,1.0
2102,65.0,88.0,1.0
2103,661.0,150.0,1.0
2104,760.0,24.0,1.0
2105,633.0,24.0,1.0
2106,622.0,24.0,1.0
2107,279.0,99.0,1.0
2108,682.0,80.0,1.0
2109,232.0,108.0,1.0
2110,722.0,88.0,1.0
2111,73.0,88.0,1.0
2112,2110.0,200.0,1.0
2113,2108.0,258.0,1.0
2114,679.0,200.0,1.0
2115,681.0,60.0,1.0
2116,683.0,200.0,1.0
2117,5068.0,88.0,1.0
2118,249.0,134.0,1.0
2119,641.0,128.0,1.0
2120,681.0,500.0,1.0
2121,133.0,88.0,1.0
2122,1517.0,50.0,1.0
2123,692.0,88.0,1.0
2124,251.0,88.0,1.0
2125,248.0,88.0,1.0
2126,597.0,88.0,1.0
2127,689.0,88.0,1.0
2128,6748.0,98.0,1.0
2129,2506.0,88.0,1.0
2130,687.0,88.0,1.0
2131,25845.0,95.0,1.0
2132,1586.0,65.0,1.0
2133,661.0,88.0,1.0
2134,1280.0,88.0,1.0
2135,689.0,88.0,1.0
2136,904.0,108.0,1.0
2137,637.0,88.0,1.0
2138,3528.0,60.0,1.0
2139,582.0,88.0,1.0
2140,380.0,88.0,1.0
2141,5402.0,88.0,1.0
2142,72.0,88.0,1.0
2143,64.0,88.0,1.0
2144,434.0,88.0,1.0
2145,434.0,88.0,1.0
2146,689.0,88.0,1.0
2147,124.0,88.0,1.0
2148,7650.0,67.0,1.0
2149,79.0,88.0,1.0
2150,5347.0,88.0,1.0
2151,684.0,88.0,1.0
2152,6514.0,88.0,1.0
2153,782.0,88.0,1.0
2154,185.0,109.0,1.0
2155,3408.0,24.0,1.0
2156,286.0,24.0,1.0
2157,671.0,88.0,1.0
2158,721.0,88.0,1.0
2159,4902.0,88.0,1.0
2160,5941.0,88.0,1.0
2161,83.0,88.0,1.0
2162,661.0,24.0,1.0
2163,292.0,122.0,1.0
2164,20118.0,160.0,1.0
2165,209.0,24.0,1.0
2166,553.0,24.0,1.0
2167,659.0,100.0,1.0
2168,265.0,300.0,1.0
2169,697.0,200.0,1.0
2170,65.0,97.0,1.0
2171,2120.0,86.0,1.0
2172,2120.0,34.0,1.0
2173,30622.0,500.0,1.0
2174,691.0,24.0,1.0
2175,9968.0,99.0,1.0
2176,304.0,100.0,1.0
2177,304.0,100.0,1.0
2178,5815.0,98.0,1.0
2179,690.0,99.0,1.0
2180,283.0,100.0,1.0
2181,283.0,109.0,1.0
2182,679.0,207.0,1.0
2183,1507.0,99.0,1.0
2184,679.0,69.0,1.0
2185,679.0,78.0,1.0
2186,83.0,333.0,1.0
2187,309.0,100.0,1.0
2188,196.0,99.0,1.0
2189,5847.0,29.0,1.0
2190,12648.0,444.0,1.0
2191,57.0,69.0,1.0
2192,401.0,99.0,1.0
2193,196.0,400.0,1.0
2194,314.0,99.0,1.0
2195,3357.0,0.0,0.0
2196,21071.0,0.0,0.0
2197,30083.0,26.4,0.0
2198,4923.0,0.0,0.0
2199,4903.0,283.3,0.0
2200,2267.0,118.3,0.0
2201,3497.0,1759.0,0.0
2202,433.0,226.5,0.0
2203,2125.0,33.9,0.0
2204,4273.0,254.2,0.0
2205,2367.0,221.2,0.0
2206,2862.0,243.7,0.0
2207,13494.0,134.1,0.0
2208,790.0,131.5,0.0
2209,36098.0,0.0,0.0
2210,3919.0,26.4,0.0
2211,3601.0,119.6,0.0
2212,5594.0,26.4,0.0
2213,7210.0,0.0,0.0
2214,28009.0,219.9,0.0
2215,1952.0,86.2,0.0
2216,47309.0,58.9,0.0
2217,2890.0,45.1,0.0
2218,13413.0,0.0,0.0
2219,1651.0,41.4,0.0
2220,2180.0,99.8,0.0
2221,2526.0,26.4,0.0
2222,3294.0,26.4,0.0
2223,4680.0,80.6,0.0
2224,2307.0,179.0,0.0
2225,867.0,268.7,0.0
2226,43657.0,309.7,0.0
2227,34614.0,152.6,0.0
2228,3004.0,26.4,0.0
2229,34514.0,0.0,0.0
2230,909.0,60.1,0.0
2231,30428.0,0.0,0.0
2232,32316.0,0.0,0.0
2233,6092.0,0.0,0.0
2234,664.0,26.4,0.0
2235,38167.0,0.0,0.0
2236,2958.0,90.0,0.0
2237,1073.0,26.4,0.0
2238,2898.0,93.2,0.0
2239,187.0,65.7,0.0
2240,22.0,26.4,0.0
2241,1140.0,26.4,0.0
2242,30808.0,26.4,0.0
2243,1258.0,20.0,0.0
2244,16703.0,130.1,0.0
2245,1620.0,26.4,0.0
2246,12004.0,118.3,0.0
2247,4133.0,86.2,0.0
2248,9093.0,26.4,0.0
2249,2656.0,279.3,0.0
2250,1624.0,798.1,0.0
2251,8027.0,156.5,0.0
2252,2332.0,105.1,0.0
2253,1852.0,0.0,0.0
2254,669.0,26.4,0.0
2255,2712.0,56.3,0.0
2256,2744.0,26.4,0.0
2257,1047.0,78.8,0.0
2258,24718.0,0.0,0.0
2259,2817.0,127.5,0.0
2260,3063.0,161.8,0.0
2261,1697.0,78.8,0.0
2262,5032.0,26.4,0.0
2263,2812.0,26.4,0.0
2264,1659.0,26.4,0.0
2265,1734.0,26.4,0.0
2266,7244.0,26.4,0.0
2267,3113.0,146.0,0.0
2268,1839.0,140.0,0.0
2269,4224.0,26.4,0.0
2270,3794.0,0.0,0.0
2271,2550.0,270.1,0.0
2272,25626.0,231.8,0.0
2273,2633.0,175.0,0.0
2274,2381.0,262.1,0.0
2275,7857.0,26.4,0.0
2276,2886.0,56.3,0.0
2277,1863.0,26.4,0.0
2278,1673.0,94.5,0.0
2279,1127.0,99.8,0.0
2280,14293.0,146.0,0.0
2281,3168.0,52.6,0.0
2282,5404.0,128.8,0.0
2283,1449.0,0.0,0.0
2284,5137.0,32.0,0.0
2285,1223.0,26.4,0.0
2286,1371.0,75.0,0.0
2287,665.0,26.4,0.0
2288,3590.0,26.4,0.0
2289,2832.0,120.9,0.0
2290,5.0,272.7,0.0
2291,589.0,26.4,0.0
2292,7202.0,26.4,0.0
2293,4594.0,40.7,0.0
2294,1111.0,26.4,0.0
2295,782.0,26.4,0.0
2296,12701.0,105.1,0.0
2297,9309.0,26.4,0.0
2298,17856.0,159.2,0.0
2299,8.0,98.5,0.0
