711.773832321167
707.3935453891754
569.5879209041595
0.12206649780273438
558.8808677196503
579.2023024559021
411.7510542869568
412.39634442329407
515.0776357650757
590.4112260341644
61.729790449142456
35.12744951248169
78.45240330696106
549.7634282112122
727.7500705718994
734.7292478084564
730.7283782958984
749.991662979126
659.1078407764435
665.1996283531189
844.110194683075
509.0138854980469
1402.7934923171997
1939.8569641113281
535.6312427520752
716.1870596408844
1452.9094841480255
2426.010233402252
2142.742479324341
1626.4040446281433
1081.9014327526093
585.7363557815552
493.0001947879791
352.16827392578125
1576.819195508957
1716.946498632431
1529.4006178379059
505.66120195388794
489.650940656662
492.19732689857483
497.49317836761475
496.64125967025757
153.26787614822388
163.0705373287201
168.11193180084229
178.74410581588745
154.1254072189331
155.29834914207458
150.81839895248413
151.9265239238739
152.6450207233429
155.10923552513123
153.7471718788147
154.18400502204895
153.27681851387024
152.31215023994446
125.41447710990906
124.84885215759277
125.95165395736694
126.91219282150269
128.16923022270203
125.66260623931885
125.23746037483215
126.05328154563904
124.18848824501038
127.59771776199341
125.58724164962769
126.25983238220215
125.0715582370758
127.68859910964966
127.74917507171631
124.94197416305542
124.45292329788208
128.11660313606262
127.59754133224487
130.93829584121704
131.789044380188
126.44244337081909
128.56710243225098
128.28664684295654
129.74004340171814
129.2011923789978
129.0206549167633
126.29875993728638
129.3083529472351
129.99655437469482
128.7471628189087
127.37427949905396
127.84103202819824
1529.5332107543945
1563.4847574234009
1598.9329261779785
1583.4356622695923
1614.0502331256866
1595.5927121639252
1641.835918188095
1594.429179906845
1604.097695350647
1566.737303495407
133.1457142829895
197.84932708740234
195.33029222488403
183.62341332435608
185.24924445152283
183.59139204025269
183.53856110572815
184.36217522621155
180.33350825309753
181.4698965549469
1612.6838324069977
1640.2199220657349
1552.783673286438
1556.1865015029907
1629.8426005840302
1563.2646634578705
1582.478354692459
1556.279853105545
1680.3420581817627
203.31173992156982
197.4009871482849
198.06183195114136
199.97790813446045
184.36467218399048
